160
4 28 496 493 491 
4 35 489 488 487 
4 93 485 483 481 
4 97 480 479 478 
4 190 477 476 471 
4 196 470 469 466 
4 197 465 464 458 
4 252 457 456 440 
4 286 436 435 428 
4 333 426 418 417 
4 369 416 415 413 
4 420 408 406 404 
4 423 402 398 393 
4 441 389 386 383 
4 12 4 382 381 
4 33 9 380 374 
4 47 77 370 368 
4 165 42 366 357 
4 300 94 355 354 
4 326 62 349 346 
4 482 37 344 343 
4 1 112 342 340 
4 14 359 338 335 
4 21 160 331 327 
4 256 32 323 321 
4 279 36 318 317 
4 299 56 316 314 
4 306 69 313 312 
4 315 144 309 308 
4 322 74 118 305 
4 330 295 303 297 
4 421 46 296 293 
4 454 468 291 290 
4 7 107 103 287 
4 17 225 281 275 
4 86 353 272 270 
4 154 16 43 265 
4 189 40 102 262 
4 212 124 130 260 
4 334 101 30 257 
4 352 490 57 255 
4 358 26 2 253 
4 414 226 110 250 
4 492 162 248 246 
4 11 123 87 243 
4 64 89 143 241 
4 72 71 131 239 
4 73 192 135 238 
4 120 219 232 229 
4 141 292 228 227 
4 156 231 224 223 
4 158 6 161 222 
4 170 177 168 220 
4 182 147 216 215 
4 213 117 146 211 
4 266 105 209 206 
4 301 472 67 205 
4 319 180 88 202 
4 337 407 98 194 
4 410 328 183 191 
3 443 240 184 
3 462 392 39 
3 484 23 85 
3 495 175 179 
3 0 10 53 
3 38 20 134 
3 48 214 259 
3 52 221 178 
3 108 159 198 
3 111 486 176 
3 113 5 125 
3 155 166 173 
3 210 439 58 
3 234 230 152 
3 261 405 49 
3 264 65 254 
3 298 199 126 
3 310 394 75 
3 329 24 164 
3 350 360 171 
3 371 218 267 
3 376 452 169 
3 434 203 185 
3 448 362 137 
3 451 99 82 
3 463 258 133 
3 475 294 41 
3 15 419 136 
3 19 193 76 
3 34 324 167 
3 60 433 79 
3 61 8 95 
3 181 356 25 
3 187 149 80 
3 208 236 54 
3 249 18 45 
3 271 31 397 
3 273 188 29 
3 277 396 106 
3 288 385 186 
3 311 412 27 
3 320 3 92 
3 367 201 59 
3 387 13 449 
3 409 139 104 
3 430 455 217 
3 445 163 44 
3 473 498 122 
3 499 302 395 
3 55 276 50 
3 90 91 364 
3 121 235 268 
3 242 345 78 
3 263 422 109 
3 278 283 100 
3 336 424 474 
3 348 384 81 
3 351 400 115 
3 375 429 200 
3 388 427 116 
2 391 467 
2 399 114 
2 403 442 
2 431 128 
2 437 459 
2 438 138 
2 444 66 
2 447 153 
2 497 148 
2 22 204 
2 70 129 
2 119 195 
2 132 207 
2 151 172 
2 174 237 
2 233 245 
2 244 247 
2 251 274 
2 269 280 
2 282 284 
2 285 289 
2 304 325 
2 307 332 
2 339 347 
2 341 361 
2 363 365 
2 372 373 
2 377 378 
2 379 401 
2 390 411 
2 425 51 
2 432 453 
2 446 63 
2 450 460 
2 461 68 
2 494 127 
2 83 140 
2 84 142 
2 96 145 
2 150 157 
