1628
2 92 350 
2 420 494 
2 701 722 
2 770 783 
2 817 1244 
2 1262 1300 
2 1363 1367 
2 1387 1432 
2 1566 1577 
2 1736 1790 
2 1842 2014 
2 2048 2063 
2 2217 2247 
2 2258 2273 
2 2404 2593 
2 2609 2684 
2 2971 2975 
2 2989 3130 
2 3206 3277 
2 3285 3288 
2 3378 3460 
2 3551 3720 
2 3800 3850 
2 3959 3962 
2 4264 4265 
2 4347 4459 
2 4543 4603 
2 4722 4748 
2 4934 5000 
2 5004 5112 
2 5139 5270 
2 5291 5385 
2 5630 5762 
2 6271 6276 
2 6399 6552 
2 6712 6775 
2 6795 6874 
2 6906 6987 
2 7039 7144 
2 7169 7189 
2 7291 7446 
2 7469 7552 
2 7641 7708 
2 7774 7810 
2 7908 8005 
2 8069 8169 
2 8218 8225 
2 8350 8362 
2 8404 8457 
2 8490 8492 
2 8538 8575 
2 8619 8680 
2 8691 8795 
2 8916 8971 
2 9061 9093 
2 9420 9441 
2 9467 9494 
2 9517 9581 
2 9738 9780 
2 9824 9918 
2 35 102 
2 205 246 
2 375 551 
2 663 857 
2 882 929 
2 944 1011 
2 1072 1257 
2 1280 1309 
2 1370 1573 
2 1651 1739 
2 1771 1879 
2 1910 2151 
2 2223 2287 
2 2290 2341 
2 2465 2618 
2 2655 2677 
2 2719 2943 
2 2986 3185 
2 3230 3252 
2 3282 3294 
2 3336 3390 
2 3436 3652 
2 3836 3858 
2 4017 4072 
2 4207 4275 
2 4276 4432 
2 4462 4497 
2 4687 4853 
2 4889 4903 
2 4921 5016 
2 5116 5119 
2 5165 5243 
2 5258 5312 
2 5381 5414 
2 5475 5626 
2 5759 5933 
2 6084 6116 
2 6138 6221 
2 6267 6327 
2 6383 6408 
2 6433 6469 
2 6594 6736 
2 6867 6898 
2 6936 7054 
2 7082 7114 
2 7226 7312 
2 7680 7790 
2 8046 8074 
2 8092 8102 
2 8120 8207 
2 8249 8403 
2 8787 8800 
2 8910 8989 
2 8993 9067 
2 9300 9417 
2 9428 9454 
2 9460 9481 
2 9567 9725 
2 9850 9953 
2 15 73 
2 155 320 
2 539 588 
2 655 914 
2 932 1014 
2 1251 1342 
2 1360 1380 
2 1398 1420 
2 1500 1603 
2 1719 2005 
2 2111 2317 
2 2369 2413 
2 2588 2641 
2 2643 2764 
2 2853 2904 
2 2991 3380 
2 3406 3441 
2 3461 3545 
2 3550 3576 
2 3766 3778 
2 3831 3955 
2 4241 4493 
2 4601 5062 
2 5186 5319 
2 5477 5587 
2 5590 5620 
2 5629 6139 
2 6159 6325 
2 6418 6431 
2 6475 6696 
2 6722 6980 
2 7021 7034 
2 7133 7338 
2 7448 7452 
2 7589 7650 
2 7941 8050 
2 8096 8191 
2 8192 8280 
2 8514 8520 
2 8825 8840 
2 8914 9116 
2 9125 9169 
2 9287 9308 
2 9353 9381 
2 9388 9607 
2 9923 9998 
2 99 429 
2 440 563 
2 743 1112 
2 1245 1247 
2 1463 1468 
2 1493 1641 
2 1792 1795 
2 1828 2017 
2 2455 2507 
2 2519 2581 
2 2638 2945 
2 3081 3197 
2 3377 3384 
2 3387 3533 
2 3535 3571 
2 3603 3682 
2 3742 3931 
2 4008 4084 
2 4114 4536 
2 4541 4576 
2 4589 4593 
2 4743 4968 
2 4998 5202 
2 5221 5228 
2 5440 5552 
2 5618 5634 
2 5857 5999 
2 6043 6103 
2 6236 6360 
2 6503 6710 
2 6878 6991 
2 7035 7113 
2 7182 7323 
2 7348 7450 
2 7597 7705 
2 7811 7933 
2 8029 8054 
2 8121 8512 
2 8666 8765 
2 8959 9127 
2 9228 9290 
2 9704 9740 
2 9898 9939 
2 52 116 
2 135 266 
2 368 470 
2 524 528 
2 569 680 
2 713 927 
2 1025 1104 
2 1108 1123 
2 1236 1274 
2 1343 1457 
2 1662 1748 
2 1752 1757 
2 1776 1893 
2 1938 1940 
2 1950 2132 
2 2286 2640 
2 2721 2778 
2 2832 2871 
2 3198 3435 
2 3525 3572 
2 3732 3751 
2 3755 3876 
2 4111 4130 
2 4145 4310 
2 4418 4580 
2 4680 4686 
2 4749 4759 
2 4812 5069 
2 5394 5403 
2 5597 5684 
2 5818 5878 
2 5937 5971 
2 6048 6086 
2 6182 6190 
2 6217 6251 
2 6295 6303 
2 6369 6461 
2 6658 6855 
2 7029 7203 
2 7379 7396 
2 7575 7738 
2 8217 8226 
2 8271 8300 
2 8416 8445 
2 8481 8574 
2 8587 8649 
2 8678 8974 
2 9113 9132 
2 9317 9334 
2 9395 9445 
2 9477 9537 
2 9708 9782 
2 9796 9817 
2 9947 9967 
2 9992 167 
2 223 724 
2 989 1033 
2 1185 1241 
2 1310 1408 
2 1448 1617 
2 1676 1772 
2 1901 2760 
2 2767 2845 
2 3094 3100 
2 3116 3152 
2 3215 3245 
2 3287 3393 
2 3459 3642 
2 3815 3829 
2 3868 3908 
2 3970 4039 
2 4086 4159 
2 4180 4349 
2 4755 4760 
2 4864 4999 
2 5092 5447 
2 5486 5555 
2 5560 5826 
2 6066 6200 
2 6523 6597 
2 6909 6916 
2 7107 7160 
2 7358 7376 
2 7378 7455 
2 7477 7503 
2 8024 8041 
2 8157 8188 
2 8255 8428 
2 8764 8953 
2 9012 9040 
2 9112 9147 
2 9351 9412 
2 9455 9480 
2 9640 9666 
2 9808 9878 
2 9916 9949 
2 9979 9980 
2 259 344 
2 495 506 
2 625 779 
2 1017 1169 
2 1379 1428 
2 1434 1455 
2 1769 1844 
2 2145 2366 
2 2637 2735 
2 2753 3032 
2 3056 3148 
2 3319 3430 
2 3490 3699 
2 3826 3957 
2 3960 4015 
2 4024 4051 
2 4081 4152 
2 4181 4199 
2 4253 4342 
2 4350 4396 
2 4606 4872 
2 4897 4941 
2 5033 5050 
2 5405 5650 
2 5893 5984 
2 6004 6241 
2 6820 6872 
2 6970 7053 
2 7244 7317 
2 7328 7456 
2 8048 8279 
2 8467 8483 
2 8693 8782 
2 8887 8892 
2 8905 9053 
2 9396 9509 
2 9783 9940 
2 36 125 
2 971 981 
2 1019 1089 
2 1144 1314 
2 1325 1456 
2 1458 1730 
2 1785 1855 
2 2069 2302 
2 2445 2491 
2 2644 2679 
2 2780 2844 
2 2865 2869 
2 2923 3093 
2 3151 3388 
2 3404 3556 
2 3589 3627 
2 3701 3711 
2 3921 3979 
2 4125 4166 
2 4304 4364 
2 4454 4590 
2 4471 4654 
2 4799 4905 
2 5109 5230 
2 5354 5374 
2 5390 5565 
2 5571 5654 
2 5673 5735 
2 5976 6061 
2 6067 6194 
2 6386 6422 
2 6588 6758 
2 6793 6802 
2 7304 7722 
2 7754 7784 
2 7816 7837 
2 8243 8301 
2 8515 8622 
2 8706 8843 
2 8949 9109 
2 9191 9279 
2 9310 9422 
2 9442 9452 
2 9510 9541 
2 9731 9758 
2 9809 9997 
2 276 339 
2 518 702 
2 718 747 
2 841 897 
2 994 1048 
2 1067 1255 
2 1365 1721 
2 1913 1926 
2 2037 2040 
2 2078 2090 
2 2130 2276 
2 2458 2667 
2 2670 2714 
2 2815 2851 
2 2938 2965 
2 2973 2984 
2 3160 3190 
2 3200 3236 
2 3359 3462 
2 3709 3713 
2 3779 4068 
2 4201 4303 
2 4338 4348 
2 4499 4597 
2 4673 4745 
2 4869 4927 
2 5143 5344 
2 5348 5695 
2 5704 5871 
2 5930 6013 
2 6071 6091 
2 6092 6204 
2 6207 6322 
2 6608 6667 
2 6732 6877 
2 7027 7070 
2 7084 7242 
2 7411 7538 
2 7609 7630 
2 7701 7762 
2 7765 8184 
2 8315 8385 
2 8427 8627 
2 8705 8769 
2 8943 8973 
2 9049 9058 
2 9064 9288 
2 9402 9472 
2 9518 9827 
2 9831 9897 
2 9925 109 
2 330 387 
2 397 426 
2 454 479 
2 497 665 
2 707 721 
2 843 1028 
2 1126 1215 
2 1239 1394 
2 1425 1520 
2 1674 1896 
2 2004 2015 
2 2031 2032 
2 2053 2158 
2 2187 2197 
2 2338 2446 
2 2524 2613 
2 2654 2675 
2 2777 2791 
2 2822 2914 
2 3036 3071 
2 3103 3162 
2 3456 3520 
2 3659 3723 
2 3872 3946 
2 3974 3999 
2 4003 4250 
2 4395 4420 
2 4460 4586 
2 4862 5103 
2 5288 5434 
2 5605 5679 
2 5737 5738 
2 5780 5843 
2 5846 5855 
2 5858 6164 
2 6515 6729 
2 6768 6954 
2 7073 7193 
2 7325 7619 
2 7720 7763 
2 7930 7976 
2 8025 8033 
2 8285 8402 
2 8544 8664 
2 8723 8937 
2 9170 9476 
2 9707 9753 
2 286 488 
2 535 543 
2 861 913 
2 1069 1232 
2 1312 1486 
2 1637 1680 
2 1900 2099 
2 2350 2387 
2 2542 2606 
2 2855 2868 
2 2893 2894 
2 2992 3067 
2 3143 3180 
2 3232 3264 
2 3342 3733 
2 3740 3770 
2 4067 4302 
2 4378 4624 
3 4730 4744 4831 
3 4849 5071 5114 
3 5204 5248 5307 
3 5334 5372 5500 
3 5507 5572 5761 
3 5805 6041 6555 
3 6863 6879 6895 
3 6908 7285 7428 
3 7505 7562 7572 
3 7582 7687 7867 
3 8125 8234 8295 
3 8352 8378 8484 
3 8580 8790 8921 
3 9389 9461 9531 
3 9598 9653 317 
3 442 548 661 
3 679 694 969 
3 1121 1242 1630 
3 1816 1906 1921 
3 2027 2135 2321 
3 2322 2440 2478 
3 2497 3010 3139 
3 3182 3604 3725 
3 3433 3986 4021 
3 4029 4383 4401 
3 4585 4815 4908 
3 4909 5301 5318 
3 5408 5502 5567 
3 6001 6032 6165 
3 6211 6238 6449 
3 6397 6786 6978 
3 7044 7161 7199 
3 7282 7435 7437 
3 7806 7874 7974 
3 8088 8216 8482 
3 8489 8589 8621 
3 8630 8674 8802 
3 8884 8976 9056 
3 9202 9306 9335 
3 9497 9683 9688 
3 9756 9790 9924 
3 79 90 104 
3 166 560 647 
3 758 852 933 
3 1051 1098 1125 
3 1417 1446 1560 
3 1643 1797 1991 
3 2034 2119 2263 
3 2374 2394 2414 
3 2482 2534 2547 
3 2625 2755 2768 
3 2816 2880 3065 
3 3231 3304 3351 
3 3421 3726 3920 
3 3998 4162 4168 
3 4295 4366 4472 
3 4476 4485 4587 
3 4652 4805 4836 
3 4970 5031 5089 
3 5320 5445 5468 
3 5506 5645 5667 
3 5987 6362 6465 
3 6502 6626 6717 
3 6813 6896 7280 
3 7366 7449 7497 
3 7601 7714 7769 
3 7940 8071 8262 
3 8324 8339 8394 
3 8414 8444 8710 
3 8847 8869 8917 
3 8926 9077 9466 
3 9630 9697 84 
3 474 547 830 
3 599 879 946 
3 951 980 1397 
3 1472 1710 1760 
3 1863 1875 1914 
3 1916 2093 2261 
3 2284 2315 2403 
3 2496 2710 2738 
3 2742 2926 2995 
3 3098 3166 3183 
3 3548 3601 3609 
3 3631 3661 3706 
3 3767 3886 3900 
3 3967 3989 4049 
3 4073 4118 4261 
3 4385 4626 4719 
3 4751 4776 4974 
3 5226 5326 5459 
3 5623 5932 5955 
3 5975 6214 6287 
3 6292 6883 6997 
3 7191 7234 7468 
3 7519 7537 7563 
3 7685 7846 7860 
3 7947 8126 8178 
3 8358 8369 8386 
3 8885 9034 9071 
3 9103 9657 9760 
3 9801 29 100 
3 113 351 445 
3 231 490 501 
3 580 584 692 
3 710 751 790 
3 1204 1246 1272 
3 1657 1894 1997 
3 2041 2113 2114 
3 2189 2256 2438 
3 2576 2616 3040 
3 3113 3140 3163 
3 3429 3468 3592 
3 3650 3982 4210 
3 4225 4268 4324 
3 4336 4481 4779 
3 4784 4947 5564 
3 5433 5687 5711 
3 5716 5775 5784 
3 5827 6299 6317 
3 6335 6346 6424 
3 6437 6464 6486 
3 6568 6861 6926 
3 6951 6995 7188 
3 7354 7598 7747 
3 7707 7912 8057 
3 8051 8182 8317 
3 8448 8460 8488 
3 8531 8656 8704 
3 8799 8841 8909 
3 8920 9001 9167 
3 9268 9277 9373 
3 9676 9739 9915 
3 9937 9938 46 
3 212 243 460 
3 664 787 905 
3 1034 1175 1419 
3 1600 1659 1697 
3 1779 1784 2434 
3 2441 2487 2493 
3 2501 2539 2559 
3 2639 2682 3805 
3 3814 4061 4071 
3 4190 4204 4278 
3 4362 4772 4785 
3 4824 5154 5425 
3 5490 5656 5707 
3 5988 6047 6333 
3 6385 6394 6601 
3 6657 6893 7004 
3 7012 7056 7141 
3 7181 7205 7297 
3 7331 7472 7482 
3 7506 7560 7612 
3 7767 7904 7926 
3 7952 8072 8149 
3 8341 8476 8480 
3 9110 9315 9378 
3 9515 9654 9757 
3 9845 9919 334 
3 354 416 705 
3 731 813 853 
3 873 925 1193 
3 1362 1390 1449 
3 1482 1702 1715 
3 1746 1780 1791 
3 1823 1927 2177 
3 2429 2430 2494 
3 2708 2761 2830 
3 2833 2867 3005 
3 3013 4083 4101 
3 4282 4391 4448 
3 4765 4803 4984 
3 5065 5087 5283 
3 5392 5484 5541 
3 5525 5659 5708 
3 5743 5821 5927 
3 6140 6218 6349 
3 6532 6587 6847 
3 6889 7006 7126 
3 7269 7294 7355 
3 7277 7520 7691 
3 8018 8042 8060 
3 8066 8175 8208 
3 8281 8288 8349 
3 8357 8690 8718 
3 9033 9133 9163 
3 9358 9705 9956 
3 345 366 592 
3 685 732 755 
3 941 1007 1281 
3 1293 1356 1660 
3 1759 1798 2073 
3 2182 2615 2648 
3 2737 2787 2958 
3 2896 2960 3034 
3 3238 3317 3397 
3 3465 3514 3653 
3 3764 4129 4382 
3 4431 4615 4647 
3 4778 4800 4878 
3 5144 5402 5438 
3 5520 5524 5647 
3 5669 6115 6172 
3 6298 6376 6439 
3 6489 6575 6589 
3 6598 6779 6816 
3 6884 6911 6941 
3 7158 7173 7195 
3 7214 7746 7836 
3 7935 8290 8296 
3 8343 8577 8687 
3 8743 8798 8830 
3 8871 8935 8980 
3 8983 9231 9242 
3 9492 9674 9743 
3 9857 9874 9983 
3 50 126 285 
3 340 386 399 
3 408 624 991 
3 1041 1156 1629 
3 1675 1945 2071 
3 2156 2209 2339 
3 2250 2396 2626 
3 2788 2849 3014 
3 3128 3168 3305 
3 3507 3537 3569 
3 3594 3597 3776 
3 4023 4183 4212 
3 4213 4223 4319 
3 4397 4528 4569 
3 5102 5232 5337 
3 5411 5435 5911 
3 5532 5990 6624 
3 6716 6785 6943 
3 7028 7470 7776 
3 7324 7817 7838 
3 7869 7955 8260 
3 8261 8327 8518 
3 8858 8999 9095 
3 9141 9203 9216 
3 9404 9408 9574 
3 9587 9766 9791 
3 9841 80 247 
3 282 353 878 
3 807 891 945 
3 952 1030 1053 
3 1150 1173 1240 
3 1368 1392 1666 
3 1682 1722 1786 
3 2118 2183 2214 
3 2362 2784 2901 
3 2623 2940 3000 
3 3470 3524 3613 
3 3710 3881 3981 
3 4033 4045 4087 
3 4182 4189 4296 
3 4332 4346 4368 
3 4560 4707 4838 
3 4881 4991 5011 
3 5039 5076 5269 
3 5305 5314 5335 
3 5452 5830 5841 
3 5880 6113 6672 
3 6117 6695 6728 
3 7137 7146 7284 
3 7336 7351 7485 
3 7676 7702 7723 
3 7879 7998 8145 
3 8335 8623 8846 
3 8904 8922 9185 
3 9405 9665 9672 
3 9909 42 233 
3 557 712 851 
3 855 869 963 
3 1229 1431 1441 
3 1375 1498 2092 
3 2139 2346 2416 
3 2421 2624 2981 
3 3069 3175 3184 
3 3291 3538 3599 
3 3606 3676 3702 
3 3855 3910 4085 
3 4096 4178 4289 
3 4455 4542 4629 
3 4682 4753 4817 
3 5130 5152 5194 
3 5249 5300 5497 
3 5455 5638 5662 
3 5797 5806 6355 
3 6538 6665 6688 
3 6691 6791 6826 
3 6974 7303 7422 
3 7604 7644 7718 
3 7750 7910 8030 
3 7968 8055 8106 
3 8140 8583 8634 
3 8700 8724 8809 
3 8818 8856 8896 
3 8901 8925 8939 
3 9052 9079 9088 
3 9177 9292 9304 
3 9439 9516 9579 
3 9615 9777 48 
3 75 176 585 
3 699 742 1024 
3 1026 1092 1264 
3 1291 1545 1565 
3 1919 1962 2195 
3 2292 2312 2360 
3 2449 2450 2528 
3 2820 2979 3250 
3 3345 3418 3452 
3 3512 3605 3687 
3 3737 3952 3964 
3 4146 4203 4380 
3 4404 4510 4729 
3 4643 4900 5478 
3 4809 5093 5712 
3 5922 5923 6030 
3 6089 6413 6689 
3 6759 6892 6977 
3 6789 7402 7495 
3 7615 7698 7728 
3 8091 8105 8111 
3 8266 8294 8307 
3 8510 8588 8699 
3 8888 8982 9118 
3 9184 9262 9520 
3 9639 9928 232 
3 98 310 324 
3 484 564 667 
3 744 874 890 
3 918 1128 1384 
3 1389 1528 1604 
3 1670 1692 1782 
3 2233 2599 2917 
3 3061 3365 3372 
3 3851 3976 4075 
3 3923 4140 4171 
3 4281 4316 4343 
3 4526 4539 4552 
3 4945 5022 5115 
3 5284 5285 5393 
3 5431 5562 5637 
3 5795 6530 6609 
3 6372 6642 6653 
3 6798 6928 6955 
3 6992 7023 7128 
3 7440 7779 7798 
3 7621 7865 7997 
3 8112 8306 8330 
3 8308 8421 8433 
3 8590 8611 8741 
3 8852 9080 9293 
3 9401 9440 9449 
3 9503 9840 9875 
3 9911 5 122 
3 9936 129 377 
3 389 617 657 
3 748 754 824 
3 985 1268 1269 
3 1304 1834 2354 
3 2454 2477 2701 
3 3207 3483 3510 
3 3574 3575 3630 
3 3786 3919 3937 
3 3954 3996 4007 
3 4105 4186 4563 
3 4566 4677 4866 
3 4915 5084 5110 
3 5184 5195 5352 
3 5450 5519 5787 
3 5953 6011 6037 
3 6070 6080 6173 
3 6318 6455 6573 
3 6603 7225 7256 
3 7213 7232 7271 
3 7566 7775 8146 
3 8076 8471 8496 
3 8668 8946 8948 
3 9430 9435 9482 
3 9504 9558 9562 
3 9619 9668 9847 
3 9652 14 134 
3 265 552 749 
3 816 1003 1334 
3 1354 1481 1543 
3 1548 1607 1644 
3 1773 2079 2236 
3 2392 2408 2448 
3 2650 2813 3063 
3 3241 3303 3369 
3 3410 3688 3738 
3 3874 3938 4242 
3 4612 4665 4683 
3 5034 5078 5126 
3 5261 5264 5561 
3 5703 5934 6020 
3 5942 6235 6525 
3 6564 6572 6891 
3 6910 6946 7076 
3 7157 7301 7755 
3 7996 8070 8082 
3 8162 8360 8364 
3 8459 8565 8755 
3 9391 9416 9522 
3 9805 261 364 
3 367 369 975 
3 1222 1414 1451 
3 1537 1596 1689 
3 1709 1960 2056 
3 1738 2077 2133 
3 2180 2188 2219 
3 2257 2266 2319 
3 2574 2774 2800 
3 2856 2913 3739 
3 3758 3771 3832 
3 3833 3861 4117 
3 4056 4192 4299 
3 4326 4463 5002 
3 5025 5037 5124 
3 5145 5223 5290 
3 5292 5421 5575 
3 5646 6122 6268 
3 6347 6482 6865 
3 6760 7009 7420 
3 7508 7885 8014 
3 8245 8558 8783 
3 8408 8912 8958 
3 9025 9142 9285 
3 9463 9508 9565 
3 9889 19 26 
3 43 127 327 
3 357 438 907 
3 996 1038 1349 
3 1352 1572 1887 
3 1903 1907 1925 
3 2058 2146 2355 
3 2150 2383 2748 
3 2779 2826 2840 
3 2915 2998 3101 
3 3003 3122 3269 
3 3237 3432 3489 
3 3646 3703 3864 
3 3934 4169 4315 
3 4321 4424 4437 
3 4484 4825 4835 
3 4854 4955 5216 
3 5315 5501 5648 
3 5664 5764 5801 
3 5810 5861 5868 
3 5992 6027 6124 
3 6145 6181 6462 
3 6505 6646 6780 
3 6819 6900 6966 
3 7115 7147 7390 
3 7353 7473 7905 
3 7780 8194 8205 
3 8313 8337 8390 
3 8504 8720 8738 
3 8902 9069 9273 
3 9642 9834 9899 
3 9913 105 436 
3 9994 95 400 
3 447 476 716 
3 772 792 892 
3 1301 1373 1503 
3 1672 1687 1815 
3 1990 2255 2283 
3 2361 2460 2646 
3 2699 2846 3224 
3 2918 3289 3298 
3 3398 3448 3568 
3 3614 3649 4329 
3 4294 4446 4931 
3 4827 5075 5142 
3 5159 5349 5396 
3 5465 5546 5739 
3 5935 6310 6442 
3 6250 6546 6561 
3 6663 6781 6838 
3 6886 6931 6934 
3 6949 7016 7240 
3 7051 7487 8020 
3 7403 7414 8370 
3 8013 8582 9144 
3 8151 9195 9343 
3 9432 9512 9687 
3 9702 21 331 
3 9893 595 1052 
3 1124 1143 1213 
3 1327 1442 1592 
3 1602 1605 1957 
3 1966 2103 2419 
3 2409 2617 2729 
3 2818 2969 3043 
3 3007 3181 3192 
3 3045 3221 3249 
3 3284 3403 3554 
3 3562 3735 4010 
3 4154 4219 4345 
3 4924 5415 5582 
3 5608 5715 5723 
3 5746 5753 5847 
3 5867 5996 6029 
3 6056 6059 6131 
3 6219 6324 6338 
3 6348 6440 6521 
3 6566 6764 6790 
3 6869 6907 6929 
3 7080 7373 7478 
3 7124 7605 7709 
3 7999 8450 9115 
3 8270 9385 9627 
3 9671 9750 9762 
3 1 66 141 
3 250 295 363 
3 455 504 561 
3 619 775 808 
3 810 838 1163 
3 1623 1698 1905 
3 1871 1933 1974 
3 2109 2194 2391 
3 2443 2471 2763 
3 2810 3234 3320 
3 3532 3865 3943 
3 3958 4138 4256 
3 4270 4411 4548 
3 4570 4608 4820 
3 4901 5306 5420 
3 5706 5802 5997 
3 6045 6083 6191 
3 6247 6501 6894 
3 7143 7548 7576 
3 8095 8124 8127 
3 8130 8354 8371 
3 8550 8566 8781 
3 9349 9364 9501 
3 9593 9596 9727 
4 9826 9835 9982 9989 
4 382 434 469 681 
4 496 578 762 765 
4 1078 1531 1655 1968 
4 1981 2003 2208 2397 
4 2244 2479 2605 2631 
4 2530 2792 2796 2864 
4 2724 2972 3171 3260 
4 3315 3565 3640 3660 
4 3622 3683 3774 3835 
4 3820 3948 4429 4888 
4 4277 5358 5412 5655 
4 5660 5765 5799 5866 
4 5768 5781 6062 6423 
4 6099 6100 6262 6548 
4 6487 6599 6641 6687 
4 6755 6801 6975 7462 
4 7207 7517 7635 7918 
4 8007 8283 8399 8669 
4 8107 8708 8829 8995 
4 8688 8792 9104 9199 
4 9253 9392 9403 9485 
4 9437 9621 9643 9729 
4 9803 187 239 254 
4 601 612 614 704 
4 715 785 1328 1633 
4 2001 2178 2225 2468 
4 2021 2336 2666 2744 
4 2704 2794 2857 3366 
4 2838 3458 3598 3634 
4 3638 3971 4503 4540 
4 4119 4433 4816 4993 
4 4568 5054 5091 5185 
4 5053 5289 5580 6120 
4 5302 6169 6249 6610 
4 6135 6388 6625 6837 
4 6836 6979 7254 7265 
4 7049 7295 7352 7568 
4 7587 7591 7681 7892 
4 7593 8016 8181 8269 
4 7979 8526 8551 8719 
4 8774 8942 8966 9054 
4 9130 9174 9377 9763 
4 9728 9781 9945 277 
4 119 979 1008 1083 
4 505 1088 1103 1294 
4 1386 1421 1733 1794 
4 1459 2067 2084 2275 
4 2270 2371 2630 2970 
4 2976 3066 3159 3172 
4 3666 3729 3856 3918 
4 3995 4005 4037 4127 
4 4353 4492 4674 4844 
4 4756 5129 5196 5224 
4 5242 5692 5842 5894 
4 5914 5946 5956 5974 
4 6044 6286 6706 6810 
4 7164 7288 7539 7620 
4 7891 7913 8078 8351 
4 8236 8586 8878 8962 
4 8657 8899 9039 9108 
4 9160 9219 9352 9424 
4 9563 9789 9867 9872 
4 581 832 1057 1070 
4 1544 1626 2076 2262 
4 2521 2678 2902 3204 
4 3009 3077 3283 3374 
4 3501 3552 3560 3668 
4 3848 3925 4306 4370 
4 4070 4121 4531 4700 
4 4436 4735 4852 5111 
4 4850 5138 5193 5688 
4 5339 5670 5852 6106 
4 6025 6368 6488 7370 
4 6771 7046 7380 7737 
4 7831 7967 8292 9026 
4 8788 9207 9244 9677 
4 9926 606 623 967 
4 390 966 1042 1155 
4 1263 1366 1860 1956 
4 1967 1977 2131 2316 
4 2174 2249 2327 2739 
4 2513 2690 2850 2930 
4 3354 3392 3731 3867 
4 3528 3975 4115 4142 
4 4110 4288 4515 4530 
4 4341 4698 4782 4873 
4 4936 5180 5217 5369 
4 4988 5303 5432 5750 
4 5874 6014 6504 6679 
4 6723 7038 7263 7341 
4 7287 7442 7893 8122 
4 8083 8377 8547 9005 
4 8844 9018 9066 9090 
4 8848 9493 9513 9792 
4 9544 107 237 262 
4 190 244 410 503 
4 553 1005 1189 1267 
4 1315 1402 1489 1758 
4 1826 2251 2411 2474 
4 2171 2925 3033 3478 
4 3408 3675 3741 3953 
4 3481 3909 4035 4113 
4 4274 4408 4963 5012 
4 4620 5256 5353 5748 
4 5367 5967 6072 6345 
4 6379 6807 6888 7180 
4 6507 7227 7599 7645 
4 7300 7498 7649 7739 
4 7760 7787 7794 7866 
4 7909 8017 8099 8274 
4 7928 8329 8391 8552 
4 8023 8598 8672 9153 
4 9180 9211 9355 9658 
4 9249 9912 235 284 
4 294 352 475 637 
4 809 1055 1219 1225 
4 1141 1338 1490 1539 
4 1576 1628 2291 2523 
4 2097 2347 2557 2967 
4 2860 3068 3219 3714 
4 3358 4216 4280 4458 
4 4618 4795 4919 5036 
4 5137 5218 5407 5454 
4 5201 5360 5485 5521 
4 5675 6057 6406 7122 
4 6019 6460 6684 6734 
4 6982 7062 7886 8195 
4 7625 7853 8436 8647 
4 8422 8807 8817 8963 
4 8522 9138 9206 9842 
4 8838 9444 9462 138 
4 140 162 856 1018 
4 920 950 1109 1151 
4 1218 1319 1324 1438 
4 1506 1645 1931 2269 
4 1741 2473 2580 2717 
4 2379 2688 2829 2888 
4 3326 3915 4042 4123 
4 4022 4234 4317 4658 
4 4834 4920 5179 5220 
4 5436 5456 5876 6105 
4 5995 6660 6683 7089 
4 6765 7235 7389 7570 
4 6825 7200 7679 7873 
4 7657 7901 8237 8323 
4 8505 8528 8827 9017 
4 9257 9331 9379 9384 
4 9348 9681 9798 9902 
4 9951 9975 242 629 
4 222 736 942 1663 
4 993 1982 2568 2876 
4 1054 3039 3314 3500 
4 3612 3768 3907 4053 
4 3837 4120 4257 4409 
4 4266 4697 4781 5079 
4 4500 5127 5247 5491 
4 5331 5458 5499 5661 
4 5668 5701 5789 6277 
4 5960 6374 6817 6829 
4 6950 7002 7224 7335 
4 6996 7293 7535 7771 
4 7429 8213 8497 8760 
4 8521 8813 9136 9266 
4 9427 9661 9700 9955 
4 9970 248 337 696 
4 519 632 761 788 
4 591 943 957 1076 
4 1223 1515 1803 1885 
4 1410 1805 2044 2230 
4 1858 2680 2698 2801 
4 2720 2790 3046 3270 
4 3423 3684 4065 4128 
4 3801 4761 4764 4930 
4 4243 4967 5293 5395 
4 4944 5317 5554 5636 
4 5464 5642 5749 6527 
4 5755 6281 6707 6806 
4 6670 6918 7031 7438 
4 7020 8366 8451 8620 
4 8536 8936 9309 9591 
4 8906 8979 9409 9616 
4 9278 9786 9903 9969 
4 9973 216 427 1064 
4 1022 1068 1217 1243 
4 1285 1345 1443 1872 
4 1530 1567 2042 2248 
4 2204 2306 2620 3054 
4 2349 2910 3119 3588 
4 3179 3290 3658 3890 
4 3349 4013 4313 4519 
4 3624 4645 5021 5123 
4 5135 5545 5604 5726 
4 5760 5798 5936 6274 
4 6403 6536 6750 7106 
4 6940 7112 7350 7571 
4 7801 7932 8158 8171 
4 8113 8223 8246 8254 
4 8291 8319 8735 9237 
4 8945 9076 9318 8 
4 9339 9622 9950 64 
4 165 196 267 492 
4 527 570 1473 1691 
4 1091 1303 1391 1995 
4 1745 2018 3048 3079 
4 2181 3331 3447 3762 
4 3693 3763 4080 4133 
4 4012 4195 4227 4413 
4 4239 4583 4868 5160 
4 4684 5267 5388 5685 
4 5311 5588 5943 6718 
4 6073 6661 6858 7670 
4 6114 6840 7339 8100 
4 7486 8090 8185 8227 
4 8302 8368 8389 9258 
4 8458 8913 9045 9904 
4 9236 9387 9645 9960 
4 74 158 220 374 
4 510 572 670 1852 
4 1578 1727 2054 2088 
4 2253 2299 2332 2696 
4 2476 2743 2885 2919 
4 2734 3026 3111 3400 
4 3446 3936 4082 4414 
4 4109 4423 4757 5309 
4 4895 5027 5528 5822 
4 5603 6150 6239 6272 
4 5639 5677 6378 6427 
4 6512 6652 6709 6885 
4 6875 7185 7421 8772 
4 7476 7843 7894 8400 
4 8424 8867 9037 9178 
4 9254 9303 9589 9641 
4 9735 9883 555 567 
4 650 700 1035 1295 
4 928 1176 1337 1346 
4 1435 1454 1608 1859 
4 1970 2107 2561 2660 
4 2140 2997 3722 3988 
4 3667 4006 4198 4360 
4 4229 4300 4547 5057 
4 5015 5105 5542 5689 
4 5690 5709 6518 6543 
4 6767 6860 7025 7347 
4 6866 7241 7377 7646 
4 7854 8156 8928 9208 
4 8230 8475 9291 9347 
4 9764 380 587 646 
4 91 609 812 1186 
4 1145 1999 2100 2224 
4 1550 1686 2594 2693 
4 2075 2614 3328 3471 
4 2301 2703 3255 4494 
4 3494 3625 4108 4512 
4 3901 4191 4610 4728 
4 4533 4740 4763 4962 
4 4985 5070 5543 5624 
4 5063 5537 5674 5963 
4 5296 5767 5940 6305 
4 6321 6438 6496 7063 
4 6458 6815 7345 7611 
4 6593 7417 7773 7897 
4 8443 8660 8730 8739 
4 8762 8831 9470 9628 
4 9723 9733 904 1582 
4 1474 2238 3018 3251 
4 2651 2659 3177 3187 
4 3218 3360 3734 3797 
4 3772 3897 3968 4025 
4 3847 4028 4309 5003 
4 4642 5095 5298 5384 
4 5321 5591 5888 6183 
4 5734 5969 6049 6783 
4 6986 7283 7383 7398 
4 7401 7493 7690 7842 
4 7735 8174 8469 8594 
4 8748 8882 9074 9155 
4 8832 9224 9804 391 
4 260 329 423 1016 
4 777 822 1355 1447 
4 1183 1320 1557 1585 
4 1631 1647 1811 2176 
4 1890 2863 2978 3016 
4 2052 3243 3363 3427 
4 2285 3310 3633 3780 
4 2348 3440 4416 4584 
4 4158 5009 5404 5680 
4 5176 5222 6151 6224 
4 5862 6285 6395 7637 
4 6033 7192 8278 8345 
4 6282 7001 7628 8495 
4 7474 8513 8883 8893 
4 8077 8557 9393 9469 
4 8655 88 671 763 
4 9082 9662 9772 9839 
4 536 566 815 880 
4 1066 1195 1599 1850 
4 1289 1829 2229 2365 
4 2359 2515 2756 3019 
4 2658 2665 2897 2955 
4 3051 3296 3486 3823 
4 3194 3871 4122 4712 
4 4417 4721 4937 5322 
4 4738 5088 5423 5495 
4 5568 5691 5792 5964 
4 5925 5928 5961 6167 
4 6535 6644 6930 7257 
4 7360 7511 7651 7749 
4 7887 8062 8676 9316 
4 8170 8969 9030 9369 
4 8219 9117 9934 112 
4 9943 114 544 1039 
4 299 607 1211 1555 
4 1764 1832 1862 1864 
4 2352 2433 2700 2909 
4 2633 2933 3109 3453 
4 3158 3414 3529 3644 
4 3434 3549 3852 4271 
4 4365 4422 4441 4466 
4 4733 5275 5364 5473 
4 4828 5263 5347 5479 
4 5722 5892 5929 6009 
4 6622 6634 6945 7162 
4 6880 6881 7797 8532 
4 7260 7364 8595 8763 
4 7840 8812 9084 9371 
4 7858 8503 8631 549 
4 9547 9794 9811 306 
4 9788 9905 764 1254 
4 418 486 577 1460 
4 481 829 1348 2663 
4 1465 1989 2636 3064 
4 1911 2505 2540 3157 
4 3341 3395 3472 4377 
4 3417 3680 4272 5509 
4 4334 4421 4443 5365 
4 5493 5595 5924 5968 
4 6069 6108 6314 6445 
4 6447 6871 7156 7171 
4 7120 7174 7585 7987 
4 7484 7977 8221 8265 
4 7845 8087 9217 9610 
4 9006 9087 9625 9800 
4 9465 9696 272 498 
4 228 521 690 720 
4 798 870 910 964 
4 806 1097 1107 1470 
4 1182 1838 2211 2931 
4 1690 2126 2492 2834 
4 1881 2653 2966 3095 
4 2622 3102 3164 3350 
4 3211 3487 3961 4507 
4 3415 4389 4445 4625 
4 3977 4660 5576 5717 
4 4741 5328 5437 5581 
4 5417 5790 5985 6094 
4 5837 6201 6209 6470 
4 6375 6633 6933 7184 
4 6556 7392 7655 7958 
4 7154 7458 7802 8569 
4 8209 9360 9505 9886 
4 8820 9447 9829 298 
4 9991 77 485 641 
4 202 571 799 1511 
4 1102 1153 1252 1258 
4 1113 1525 1619 1706 
4 1437 1477 2029 2363 
4 2122 2607 2921 3118 
4 3405 4287 4513 4614 
4 3450 4218 4780 5215 
4 5516 6024 6830 7465 
4 6330 7159 7327 7528 
4 8373 8549 8581 9021 
4 8600 8661 8744 9448 
4 9099 9410 997 1929 
4 9774 542 1216 1813 
4 1273 1358 1588 1941 
4 1924 2847 2908 2916 
4 2426 2569 2842 3025 
4 2681 3090 3193 3202 
4 3084 3165 3346 4676 
4 3637 4027 4794 5080 
4 5297 6153 6453 6745 
4 5786 6787 6808 7055 
4 6591 6854 7072 7513 
4 6876 8154 8173 8944 
4 7949 8052 9324 1158 
4 9693 9884 191 314 
4 309 448 2518 3073 
4 939 1395 2552 3333 
4 2370 2959 3497 5282 
4 3138 3522 4384 4938 
4 3898 5376 5439 6082 
4 5884 6341 6615 6968 
4 5887 6358 7311 7719 
4 7973 8131 8211 9081 
4 8312 8805 8891 9139 
4 8749 8826 9226 9646 
4 9000 9330 9484 9495 
4 9669 9673 9694 466 
4 1095 1139 1207 1944 
4 1317 1857 2013 2082 
4 2142 2562 3477 3670 
4 2882 3254 3488 4258 
4 3279 4486 5030 5272 
4 4575 4971 5068 5428 
4 5351 5965 5978 6081 
4 5589 5757 6278 6382 
4 6179 6344 6912 7109 
4 6763 6947 6967 6969 
4 7111 7125 7246 7299 
4 7394 7531 8681 8890 
4 8303 8717 8998 9438 
4 8703 9601 326 517 
4 9814 9865 106 1499 
4 215 315 515 805 
4 1075 2049 2511 2757 
4 1079 1278 2948 3080 
4 2526 3335 3409 4393 
4 3150 3426 4609 5698 
4 3479 5252 6186 7131 
4 5569 5788 6754 7372 
4 5601 7405 8008 8499 
4 8257 8662 9027 9120 
4 8927 9046 9964 2 
4 9188 271 411 600 
4 449 531 776 974 
4 940 1060 1407 1693 
4 1306 2175 2372 2745 
4 1947 3086 3600 3790 
4 2517 3700 4014 6101 
4 4020 4160 5072 6708 
4 4205 4710 4885 6948 
4 4715 5259 6162 6166 
4 6154 6468 6737 7808 
4 6542 6579 6999 7040 
4 7066 7081 8396 9212 
4 7272 7492 7871 9685 
4 7638 8365 9255 9815 
4 8356 8533 9023 961 
4 9832 9854 308 627 
4 169 988 2218 2314 
4 1168 2325 2587 2993 
4 2452 2725 2782 2831 
4 3070 3091 3663 4077 
4 3240 4040 4148 4153 
4 3863 3928 4177 4648 
4 4718 4797 4896 6216 
4 4829 5018 5241 5889 
4 5169 5286 5877 9881 
4 6269 6392 6416 7527 
4 6619 6621 6845 8053 
4 7007 7268 130 175 
4 7857 12 759 1077 
4 9098 768 1973 2168 
4 450 1000 1902 4373 
4 1846 2108 2510 2611 
4 2635 2866 2936 3195 
4 3117 5147 5596 5678 
4 3419 3707 5055 5614 
4 4846 6401 7052 7211 
4 6749 6773 7258 7332 
4 6919 7245 7654 7781 
4 7827 7916 8615 9190 
4 8039 8073 9506 9990 
4 8646 9837 523 653 
4 9233 181 338 1547 
4 41 672 1518 2147 
4 638 1297 3030 3325 
4 1579 3577 3669 3785 
4 1802 4616 4737 5117 
4 4018 4672 5607 6136 
4 6230 6288 7623 7982 
4 6354 7047 7988 8065 
4 8248 8596 9032 323 
4 8331 8836 2543 4327 
4 8605 9478 255 786 
4 895 1413 2695 2740 
4 1541 1594 2773 3222 
4 1635 2066 2821 4701 
4 3373 3444 3502 5274 
4 4802 5038 5469 5851 
4 4819 5740 5816 6832 
4 5150 6402 6905 7656 
4 6924 7058 7343 8742 
4 7306 7334 7433 7732 
4 7766 7855 8381 8463 
4 7772 8419 8881 8933 
4 7900 8446 9175 9473 
4 9623 9706 837 871 
4 9648 881 965 1412 
4 1059 1466 1580 1942 
4 1333 1597 1658 2200 
4 2116 2420 3173 3210 
4 2161 2692 3495 3813 
4 2436 2890 4247 4768 
4 3217 3585 5973 7989 
4 3242 3391 4002 5807 
4 6006 6018 6055 6562 
4 6339 6743 6751 8155 
4 6921 7660 8128 8560 
4 8559 8819 9312 9479 
4 9193 9240 9259 1575 
4 9682 51 1020 3695 
4 38 72 686 695 
4 1082 2415 2424 3321 
4 2502 2551 5419 6143 
4 2504 3110 4444 5782 
4 3467 4739 5032 6730 
4 4184 6650 6804 8214 
4 6435 6441 6868 7745 
4 7381 8147 8610 8855 
4 7919 8628 9145 9821 
4 8429 8794 9010 269 
4 1478 1882 2522 2537 
4 1521 2797 3027 4269 
4 1808 2597 3348 3492 
4 3503 4059 4956 5742 
4 3916 5188 5238 6753 
4 5133 6065 6142 7015 
4 5273 5921 7061 7239 
4 6474 6797 7431 8415 
4 7279 7872 8251 8624 
4 7626 8713 9041 9051 
4 8228 9020 9298 697 
4 8540 9375 9634 1198 
4 9345 9434 677 1581 
4 9890 161 2157 3057 
4 1559 2839 3049 3133 
4 2906 3220 4464 5120 
4 3041 3338 5463 6939 
4 4050 4157 4602 4666 
4 4813 5299 5811 6400 
4 5225 5890 6088 6788 
4 5915 6284 8104 8474 
4 7270 8768 9536 9981 
4 8951 8972 9050 826 
4 9322 9851 660 1405 
4 394 598 626 1187 
4 734 1583 1854 3671 
4 1462 1558 2128 3256 
4 2051 2691 3343 3759 
4 3804 4457 4641 5141 
4 4354 4594 6007 6212 
4 4806 5512 7179 7342 
4 6000 6054 6337 6714 
4 6109 6343 6618 8359 
4 6390 7321 7564 8599 
4 7668 7716 9474 814 
4 8604 9107 9386 2380 
4 8685 938 1162 1920 
4 9060 9500 2823 2963 
4 1444 2423 3586 4505 
4 2439 2889 5099 6690 
4 3399 3623 4754 6606 
4 4545 4928 5448 5453 
4 4954 6319 6570 8455 
4 5333 6493 6704 7099 
4 6821 7266 9248 888 
4 7467 8747 8984 8988 
4 9245 9284 273 1540 
4 9592 9664 9812 9869 
4 493 1002 1238 1613 
4 546 1424 2104 2603 
4 1298 2121 2895 4263 
4 3074 3191 4379 5535 
4 3796 5444 7481 7844 
4 4667 5766 6079 7217 
4 5814 7167 7661 7848 
4 5819 7717 7829 8957 
4 6074 8203 8232 8275 
4 7652 8439 8695 9097 
4 8545 8761 8992 9586 
4 9057 9176 9608 322 
4 9281 537 1265 1399 
4 9370 9715 1436 2377 
4 9399 823 1766 1954 
4 1065 2202 2770 3455 
4 1551 2186 3259 3616 
4 2886 3329 4622 5113 
4 2988 3602 3662 4165 
4 4231 4517 4769 6039 
4 4388 5700 6776 9171 
4 4752 4762 5162 9451 
4 5498 6508 6694 8304 
